2000
55352
38025
44509
53166
72590
79548
79774
33485
33411
54734
63967
52498
98953
7826
6146
27978
1316
28624
50777
12701
84069
25398
35227
57925
15874
16135
46801
19758
68750
69976
98491
64206
76792
53441
5348
67527
60783
43693
70833
79770
61150
78414
43789
51393
62790
94640
14538
8478
34217
12186
6995
67166
29063
75848
82378
61501
40116
61105
58927
51422
73993
52421
65510
98862
27147
44462
51481
2020
20623
35056
70232
45793
68102
95478
19971
90230
74032
75719
98929
48327
97233
62700
26821
90264
95537
33915
80435
30137
36179
19467
22492
77917
66456
24914
41332
76880
68167
44526
93585
36551
87976
48548
53698
85143
4169
20477
33203
99562
36276
12288
90262
43083
88797
63919
47753
40529
5282
22327
89973
49065
81991
1354
8402
87811
16620
18747
65157
31653
449
68004
53729
67895
43117
58459
16725
24595
89389
72257
39450
19378
97993
51498
48032
14845
72475
10000
42585
17378
98445
82529
87957
30321
87635
51803
62874
60574
48337
91773
28988
70058
93562
35616
59342
93648
81716
16872
64941
17462
86743
42636
72413
11328
93499
89139
93746
3064
20570
86315
33660
48620
21554
58328
80820
64101
34206
37171
64017
99893
77168
81018
95537
75011
58640
49838
66328
4781
41396
76722
86047
15184
68310
88641
58943
98215
78118
35604
53601
53411
25835
98634
20271
84483
67738
70210
60477
94789
89530
8307
66220
7117
45915
50783
99300
22329
31408
45586
48112
8109
99129
90359
57957
38672
29286
41464
31125
79498
221
94488
28098
10400
97609
8211
77048
33321
7575
92843
70864
83681
79696
29954
57233
16950
80489
60530
17937
58753
68054
98369
23770
18465
72560
64575
72289
145
41411
92474
75651
71348
60621
57584
42943
63411
68256
932
10164
43557
3522
34662
73139
74281
88651
21346
10248
49870
60935
20896
33948
73775
93965
92078
22992
84503
40876
65418
59882
6146
91724
56390
13451
48280
77964
92655
85024
86961
55874
75562
54081
35901
62255
16949
26979
97561
2707
69147
96553
32731
43837
66604
24514
12244
79086
6285
153
86912
9100
67416
43953
7351
44907
14512
31789
95922
98415
44350
42905
41075
52812
78105
79697
22868
28509
62560
26301
32128
83491
51122
22306
25730
19114
9538
49258
96918
18819
35176
32538
77646
38134
19980
14678
81209
47081
40009
81513
30439
37246
69999
4287
74150
47159
54971
36558
92087
35853
40124
27886
18979
9226
27458
67006
32437
68232
5547
70409
98883
82012
50070
41903
38471
93798
51364
76913
22152
45441
39424
82148
51408
74329
1211
57142
40533
65373
8039
99544
51964
6554
46079
42993
60482
80576
27252
98059
3986
39212
89761
19659
96657
10751
3725
12885
23753
92907
26101
58337
71262
77610
97102
52435
75654
56124
54990
12
99722
68969
36778
34331
25277
9280
97105
19442
46160
70546
12005
833
27388
37417
62316
84662
32701
50131
28160
45363
85437
61446
70638
81870
22272
6438
53426
61489
10974
52346
82188
15649
63958
71446
80669
76362
16639
76994
77995
84520
89218
74501
4431
2182
53245
60828
48762
10285
76962
88290
85375
48589
87069
34827
13900
61429
25077
98413
57455
15065
65466
91490
94812
52970
73584
65832
87405
17760
75996
15363
60243
56957
7292
87152
45375
89751
47220
10523
3678
45178
76985
77267
24805
14552
39794
98177
81994
20153
35735
63762
44269
22423
40083
94754
2706
23266
65369
11712
69918
21274
56488
67101
90393
20449
61471
54683
37085
39947
11605
66760
50584
35299
31487
37049
35898
52704
50217
84459
28182
42545
87940
49814
97390
50322
21261
74048
44382
38726
92824
26847
32149
98326
23235
59853
74134
2351
70341
70925
52864
74762
11141
18157
84657
79373
80797
93501
78889
70773
96052
33507
55011
45439
32240
65460
34727
75563
89246
51075
53999
68475
62543
69052
54757
73706
31887
46978
92588
24671
58318
22699
81090
20238
38113
68885
55802
95872
90621
84873
5814
38518
24081
93880
70117
28555
6526
468
85374
39104
20441
81816
14538
44175
96718
28993
81829
33030
72739
31377
79155
52190
12928
3508
81872
83322
84125
15319
83177
54091
8283
34986
54570
13831
69049
77230
26617
12686
46291
80689
43917
19418
46703
59847
10408
78284
64131
98904
52964
65685
92993
39785
69760
28848
60556
47133
89292
65626
85467
6828
12234
27122
77703
35523
995
51775
92166
78802
72708
50111
70426
19129
41122
29708
1757
94319
36012
95540
72009
50932
53467
55929
30285
12779
22535
64088
51614
53027
89509
90372
35005
93864
71130
94351
81865
13832
195
50911
74550
66148
28929
48584
28041
13871
40172
15480
4243
40722
10835
14654
6485
78796
76954
10298
31123
84575
5284
48219
78893
88328
60772
23978
39708
27324
11691
46028
51448
46094
16780
45734
51435
25393
25123
76478
67171
49706
33466
72154
80820
9232
47465
90876
71270
76761
18497
325
87702
31976
95119
34406
72382
36204
67110
55633
39850
51202
50207
50700
70732
46872
67972
40051
49585
45255
58075
314
93510
76636
19486
50564
2026
57896
10391
89262
57737
37539
86860
46068
49592
55810
74975
22548
14291
10097
49554
96826
21590
1638
84499
59190
60112
81165
14707
51346
70307
43761
21362
59556
13472
16857
48229
52221
16186
86318
21022
54709
75718
79014
75373
74885
39600
59139
63719
7109
20655
99240
43256
84302
58743
94361
36884
19489
41965
51624
60178
6441
10435
46541
55902
77378
65628
30947
38524
43145
75483
86317
32885
58418
53169
57093
17389
54475
65888
37062
13983
9112
23652
90367
80473
43573
6527
47969
48659
44764
91858
25055
52035
98483
5434
44354
93312
54301
88686
4954
87847
65993
82614
68989
12923
41141
30862
56801
5332
19543
15001
55140
81539
47086
51345
50126
17897
72893
18245
13507
10652
82219
55186
7628
63795
95024
74775
34128
19008
76963
8437
16683
74911
46359
62824
71791
46239
72241
89476
30736
14174
44690
63029
84280
16152
68034
33395
35749
85325
58549
2751
13550
26676
78130
67407
10505
99898
15082
1443
88535
89036
13433
76586
38488
9213
14622
55895
31397
90890
70077
15290
90431
98626
51821
61348
90462
91106
91532
71055
10639
18658
97984
82086
49401
18892
96467
30296
79927
19297
83765
28674
26450
82477
35550
69209
41052
58579
11842
58000
8935
21386
63203
20008
66880
15951
20341
36300
90758
75309
91491
74932
86480
99986
63987
43331
1991
13283
94596
3501
60925
13103
47868
56586
24280
17418
27727
41221
79487
82723
56107
5975
65625
57109
62892
43797
68786
19065
41554
73649
72120
44269
78973
8933
93175
1507
14883
55698
36014
71667
23917
15402
28315
80372
97276
46915
88417
36061
17344
37974
92712
37867
5050
31761
49313
23815
99881
99316
60608
63577
13689
87387
99356
57391
30230
44765
26406
32030
74357
3722
2556
3125
91549
13784
62665
33736
38004
40464
34408
24383
13451
68785
42190
90918
33716
14693
48229
97746
29164
89955
97046
1650
14868
31548
88577
59969
35431
87310
42246
4603
69785
66289
10102
2217
86179
49881
51292
29137
18920
54046
33440
70877
24796
57309
18890
9675
51585
71338
99551
86825
20484
35447
92941
5527
95000
76083
96202
44192
40670
61433
83500
45338
60013
49024
57081
5851
881
51503
48340
11976
36154
56455
52984
54950
39229
17469
90985
91220
85602
23859
95596
53693
94807
16128
28590
21016
3570
93093
53584
54214
37119
95874
35234
21736
64195
73207
85790
20825
11539
62376
79523
85740
3746
67623
82900
64955
80109
17206
90954
93473
4675
70333
95512
64442
29660
74355
32566
36654
50892
7855
44200
8112
26066
81274
56781
33047
62426
74430
94014
26942
56961
18957
41629
80171
90136
48175
67597
19313
4975
61472
25084
95976
4758
81718
8467
98844
52500
18918
13677
48853
54465
16266
23165
20538
44752
11684
5439
28577
7296
68385
57619
2144
28140
54826
54323
55898
24635
71492
64808
68305
29098
61262
46893
27590
99869
11627
3065
63838
75908
16249
76178
2871
90260
11992
26539
34504
83845
48151
558
35985
62083
25540
81528
88956
32416
87983
53375
36481
72989
90047
23763
84617
60434
87920
96479
79658
70422
43898
65406
38834
75718
23329
93799
97377
8540
89006
95604
45027
80270
23820
86874
82261
90654
88675
22629
92008
21634
15940
43696
94170
15499
97847
20009
58187
40257
19394
48156
50428
55692
83725
91625
80175
95328
40495
82844
54098
72040
600
64254
92411
53433
5150
68530
30798
99742
99137
66487
98839
43530
43467
77188
16349
38908
85647
21669
34731
19347
87009
24943
14916
41281
50554
4231
18255
57934
46818
64449
36948
83521
70111
4747
48891
35645
63310
26266
43177
79548
70430
30079
30592
28227
75806
73388
2825
79138
47943
88772
44775
70553
85618
90443
88807
54894
69817
38619
36524
72901
12787
52939
24462
89963
20022
32408
79476
31283
41453
11578
41952
32297
37830
79452
77837
53253
54483
58006
95868
50007
16833
95210
12374
12850
72881
33200
23133
34262
15563
40887
15651
4407
54359
89541
28428
67719
16755
69485
41678
81759
864
87938
58915
18758
59813
713
74139
27778
34738
42264
78545
75886
94224
1713
31985
62021
5272
79861
61499
80155
99777
15325
98146
97980
98314
79199
87872
82406
43938
39800
21459
78819
15099
81606
11948
51146
98924
78023
46301
79365
76270
20975
65568
59111
30698
25179
86693
52504
11345
92853
51316
94200
13379
20661
79820
71
83077
59977
18488
71222
71326
74856
14137
10864
25873
63254
54443
2849
83192
92948
95689
72636
47567
79683
66204
2369
62226
92340
30608
36254
52600
49085
55980
34350
52135
6240
63146
68184
54744
79012
18904
83771
58041
136
52783
46357
53325
35670
50992
64251
41800
47070
93428
97403
54213
38130
40014
41492
17352
31921
46464
29817
79755
30162
13213
20101
87236
32927
96096
2458
75989
20148
93714
93807
62902
39207
35575
27299
96433
40440
34806
46529
99113
19788
79339
56886
26273
49643
47150
32950
29004
8470
14412
16562
8080
64180
44710
93486
93999
17416
15137
1313
21693
86784
92609
47938
68349
78061
21002
36199
2327
42617
72661
31042
23272
49333
92529
52765
43747
75997
87945
92431
81263
60228
37808
3421
7424
26350
16783
79750
56151
97432
3897
31615
1025
25061
97366
46419
79788
77517
4109
40460
16770
98941
47354
72437
76559
79915
71913
4045
84122
11092
33408
85071
16449
17456
823
573
34238
26015
45304
89736
39966
5254
17162
48431
87774
80234
99500
52771
31352
96594
61310
97467
98989
49950
36460
69526
47776
519
33125
19738
3871
19989
16475
29907
66129
82927
89612
8036
50580
39176
30446
15358
71292
40195
93156
76459
28994
57168
42890
54934
46105
62985
55467
87310
43989
167
1081
63618
56983
46960
84348
47406
62449
62300
54340
57584
79293
98874
3106
30352
16853
64455
75281
48741
68564
99523
812
57638
88257
57396
84202
19907
30936
47548
633
25400
58007
85530
41866
84015
4043
75514
15377
60074
79535
16068
27717
22068
4516
5532
3505
48309
79614
76944
83352
83180
67273
35920
67553
53956
68964
53992
51936
7649
59885
59302
5817
71607
51837
41757
1843
6649
19817
88588
73011
66946
17514
65174
14237
59349
21298
69821
58340
36658
30405
24404
9517
45643
57603
87155
44300
31050
66546
64333
95106
68395
97192
12503
42485
29374
30438
90055
64024
87362
88093
71903
26552
36602
2890
68875
45169
49537
22626
87271
70210
24285
62199
59529
49999
8952
83189
72235
59099
41046
14992
41438
64389
46417
13295
94001
15455
68824
31227
79944
6229
38017
5045
25820
93135
60323
8323
92699
70707
55163
94457
92397
18092
60321
69571
69771
31430
99051
95120
11890
20484
26794
39345
72008
56782
42048
35237
81767
82508
30538
35987
43686
66229
46004
98523
83796
87838
11035
18949
60804
60702
43678
52864
53975
26943
8082
15144
25434
89625
39567
87949
96069
62383
60566
3238
36676
90815
77875
21963
18644
20451
4830
62283
34454
59924
75267
15508
58930
12104
49166
22849
55634
13661
22812
20273
74618
27259
70847
22925
68487
70671
35724
31958
59242
12122
77265
55453
30686
48140
87946
89031
57132
59605
57181
91322
69854
65289
24329
6079
52948
37806
61043
9708
78926
67213
95969
88976
9623
1183
95808
37553
26925
38352
78974
67753
92556
44607
62124
11609
20133
449
2814
95829
14801
30173
52285
44446
12826
2812
98526
8819
25161
21705
89096
33358
41376
83668
30850
95006
33727
73493
5596
53037
88511
74506
83419
20488
88214
25641
27493
47659
80144
89580
1665
59694
53854
89292
90093
67891
85569
5185
54262
85699
26750
22090
88926
7625
704
86581
1201
23890
63261
85642
89720
76440
50029
32865
86277
11348
38204
33042
39889
24023
27957
27167
37806
57389
18898
29876
16877
60328
96378
82358
32134
52402
96511
31135
76169
34648
56626
10594
3576
64170
46502
12424
20755
62869
60527
2631
44960
54818
96943
56145
93150
8380